class score
test_images\image_pill_1.jpg
0.99983954, 2, [0.04068105 0.17212296 0.48844406 0.8741644 ]
0.9995192, 4, [0.3608937 0.7093976 0.5294579 0.8050477]
0.9907602, 2, [0.44302705 0.7472552  0.9160953  0.9295633 ]
test_images\image_pill_2.jpg
0.9998938, 2, [0.3829971  0.6582808  0.74157745 0.88096786]
0.9998635, 2, [0.04437165 0.17583553 0.49020505 0.86569244]
0.9997229, 4, [0.36319536 0.715756   0.5043265  0.8112371 ]
0.8219902, 1, [0.29433542 0.02724567 0.39491868 0.1157271 ]
test_images\image_pill_3.jpg
0.9999975, 2, [0.4064194  0.56722546 0.81931853 0.82408583]
0.99997735, 4, [0.43415534 0.570543   0.61038387 0.7154595 ]
0.9936336, 1, [0.03951364 0.17850849 0.44831386 0.8781921 ]
0.93073404, 2, [0.03734595 0.18326087 0.4534697  0.8825601 ]
test_images\image_pill_4.jpg
0.99997663, 2, [0.6131256  0.37704107 0.9793438  0.6861283 ]
0.9999732, 2, [0.04152903 0.11977268 0.76884145 0.95789945]
0.99960095, 4, [0.56685746 0.4753546  0.8738964  0.6265763 ]
test_images\image_pill_5.png
0.999995, 1, [0.00331599 0.10239528 0.5666093  0.8523753 ]
0.99996233, 10, [0.18984255 0.79273087 0.5087869  0.98150116]
0.9994783, 4, [0.67462915 0.04123534 0.84907734 0.1365116 ]
test_images\image_pill_6.png
0.99999833, 1, [0.00235858 0.0093335  0.7766021  0.95230633]
0.9817639, 3, [0.6128671 0.4539278 0.9431254 0.5837672]
test_images\image_pill_7.png
0.9999764, 1, [0.00704273 0.11210701 0.28532788 0.8566638 ]
0.9999354, 10, [0.25011352 0.7149939  0.5799701  0.96811825]
0.92567456, 9, [0.70466423 0.10115763 0.90453625 0.21650957]
test_images\image_pill_8.png
0.9999956, 1, [0.         0.05444702 0.61009437 0.92342407]
0.99992955, 2, [0.45831534 0.87078285 0.6937839  0.98859775]
test_images\image_pill_9.png
0.99996185, 1, [0.0151609  0.05101696 0.38832977 0.8580966 ]
0.9998801, 10, [0.323453  0.5998294 0.6787941 0.8333882]
0.9933181, 1, [0.01903727 0.07546936 0.6179652  0.8383361 ]
test_images\image_pill_10.png
0.9999287, 1, [0.00493101 0.02774796 0.71768373 0.8713368 ]
0.9833323, 2, [0.7095167  0.5791537  0.97853917 0.8510272 ]
